0.0 0.0 2.15733520107
0.0047619047619 0.0 1.15733520107
0.00952380952381 0.0 1.15330019778
0.0142857142857 0.0 1.15220968001
0.0190476190476 0.0 1.15212533309
0.0190476190476 0.00205761316872 1.15121568048
0.0238095238095 0.00205761316872 1.14976642084
0.0285714285714 0.00205761316872 1.14976327312
0.0333333333333 0.00205761316872 1.14970058757
0.0380952380952 0.00205761316872 1.14962649107
0.0428571428571 0.00205761316872 1.14895690548
0.047619047619 0.00205761316872 1.14852191749
0.052380952381 0.00205761316872 1.1481354067
0.0571428571429 0.00205761316872 1.1475203015
0.0571428571429 0.00411522633745 1.14714677874
0.0619047619048 0.00411522633745 1.14707991338
0.0666666666667 0.00411522633745 1.14694682341
0.0714285714286 0.00411522633745 1.14683500249
0.0761904761905 0.00411522633745 1.1467548597
0.0809523809524 0.00411522633745 1.14663309118
0.0857142857143 0.00411522633745 1.14648881467
0.0857142857143 0.00617283950617 1.1464822729
0.0904761904762 0.00617283950617 1.14642899472
0.0952380952381 0.00617283950617 1.14575837185
0.0952380952381 0.0082304526749 1.14543196638
0.0952380952381 0.0102880658436 1.14523840339
0.1 0.0102880658436 1.14515049026
0.104761904762 0.0102880658436 1.14471674923
0.109523809524 0.0102880658436 1.14454105888
0.114285714286 0.0102880658436 1.14451401466
0.119047619048 0.0102880658436 1.14420987152
0.119047619048 0.0123456790123 1.14403363614
0.12380952381 0.0123456790123 1.14395949344
0.128571428571 0.0123456790123 1.14387669144
0.133333333333 0.0123456790123 1.14384443448
0.138095238095 0.0123456790123 1.14380864359
0.142857142857 0.0123456790123 1.14364702124
0.147619047619 0.0123456790123 1.14363325885
0.152380952381 0.0123456790123 1.14362141668
0.157142857143 0.0123456790123 1.14350178433
0.161904761905 0.0123456790123 1.14343192041
0.166666666667 0.0144032921811 1.14342857365
0.171428571429 0.0144032921811 1.14338865859
0.17619047619 0.0144032921811 1.14316086094
0.180952380952 0.0144032921811 1.14310785931
0.185714285714 0.0144032921811 1.14309993382
0.190476190476 0.0164609053498 1.14296454175
0.195238095238 0.0164609053498 1.14293629157
0.2 0.0164609053498 1.14272215351
0.204761904762 0.0164609053498 1.14266611095
0.209523809524 0.0185185185185 1.14258775216
0.214285714286 0.0185185185185 1.14256309636
0.214285714286 0.0205761316872 1.14255839269
0.219047619048 0.0205761316872 1.14236532041
0.22380952381 0.0205761316872 1.14232077118
0.228571428571 0.0205761316872 1.14221009029
0.233333333333 0.0205761316872 1.14191869457
0.238095238095 0.0205761316872 1.141910977
0.238095238095 0.022633744856 1.14185831641
0.242857142857 0.022633744856 1.1418407059
0.242857142857 0.0246913580247 1.14183768241
0.242857142857 0.0267489711934 1.14164706883
0.247619047619 0.0267489711934 1.14163494379
0.252380952381 0.0267489711934 1.14156263548
0.252380952381 0.0288065843621 1.14143799611
0.257142857143 0.0288065843621 1.14133559402
0.257142857143 0.0308641975309 1.14132667624
0.261904761905 0.0308641975309 1.14129658299
0.266666666667 0.0308641975309 1.14126843655
0.271428571429 0.0308641975309 1.14122669548
0.27619047619 0.0329218106996 1.14120598912
0.280952380952 0.0329218106996 1.14117219848
0.280952380952 0.0349794238683 1.14117037189
0.285714285714 0.0349794238683 1.14107781812
0.290476190476 0.0349794238683 1.14105932754
0.295238095238 0.0349794238683 1.14101565499
0.295238095238 0.037037037037 1.1408906353
0.295238095238 0.0390946502058 1.14070199898
0.3 0.0390946502058 1.14059502433
0.3 0.0411522633745 1.14057152403
0.304761904762 0.0411522633745 1.14056714763
0.309523809524 0.0411522633745 1.14055685123
0.314285714286 0.0411522633745 1.14047903674
0.314285714286 0.0432098765432 1.14043334798
0.319047619048 0.0432098765432 1.14037367743
0.32380952381 0.0432098765432 1.14029153104
0.328571428571 0.0432098765432 1.14027177085
0.333333333333 0.0432098765432 1.14026446902
0.338095238095 0.0432098765432 1.13999389438
0.342857142857 0.0452674897119 1.13998846304
0.347619047619 0.0452674897119 1.13991617008
0.352380952381 0.0452674897119 1.13988763282
0.352380952381 0.0473251028807 1.13976344861
0.357142857143 0.0473251028807 1.139739193
0.361904761905 0.0473251028807 1.13971817219
0.361904761905 0.0493827160494 1.13967984303
0.366666666667 0.0493827160494 1.13957505627
0.366666666667 0.0514403292181 1.13952978824
0.371428571429 0.0514403292181 1.1394781368
0.37619047619 0.0514403292181 1.13943371853
0.37619047619 0.0534979423868 1.13938024656
0.37619047619 0.0555555555556 1.1392519513
0.380952380952 0.0555555555556 1.13916616276
0.380952380952 0.0576131687243 1.1391149863
0.385714285714 0.059670781893 1.13911113913
0.390476190476 0.059670781893 1.1391067407
0.395238095238 0.0617283950617 1.13907506642
0.395238095238 0.0637860082305 1.13902990101
0.4 0.0637860082305 1.1390201433
0.4 0.0658436213992 1.13900136575
0.404761904762 0.0679012345679 1.1389541567
0.409523809524 0.0679012345679 1.13893309359
0.414285714286 0.0679012345679 1.13889609285
0.414285714286 0.0699588477366 1.13874534544
0.419047619048 0.0699588477366 1.1387312871
0.42380952381 0.0699588477366 1.13872476356
0.42380952381 0.0720164609053 1.13865480551
0.42380952381 0.0740740740741 1.13864142941
0.428571428571 0.0740740740741 1.1385484537
0.433333333333 0.0740740740741 1.13853204002
0.438095238095 0.0740740740741 1.13848570838
0.442857142857 0.0761316872428 1.13846416752
0.442857142857 0.0781893004115 1.13846393532
0.447619047619 0.0781893004115 1.13843466208
0.452380952381 0.0781893004115 1.13841041405
0.452380952381 0.0802469135802 1.13840348245
0.452380952381 0.082304526749 1.13840152011
0.452380952381 0.0843621399177 1.13833779633
0.452380952381 0.0864197530864 1.13829746428
0.457142857143 0.0864197530864 1.13818578013
0.461904761905 0.0864197530864 1.13818259546
0.461904761905 0.0884773662551 1.13817449606
0.466666666667 0.0884773662551 1.13812693408
0.471428571429 0.0884773662551 1.13810911298
0.47619047619 0.0884773662551 1.13809962501
0.47619047619 0.0905349794239 1.13802429623
0.47619047619 0.0925925925926 1.13800338927
0.47619047619 0.0946502057613 1.13797427927
0.480952380952 0.0946502057613 1.13796226946
0.485714285714 0.0946502057613 1.13789528555
0.490476190476 0.0946502057613 1.13787933746
0.490476190476 0.09670781893 1.13787342318
0.490476190476 0.0987654320988 1.13786717861
0.490476190476 0.100823045267 1.13785163679
0.495238095238 0.100823045267 1.13784281402
0.495238095238 0.102880658436 1.13775159861
0.495238095238 0.104938271605 1.13765328242
0.5 0.104938271605 1.1376429868
0.5 0.106995884774 1.13762254565
0.504761904762 0.106995884774 1.13761021365
0.509523809524 0.106995884774 1.13760762369
0.514285714286 0.106995884774 1.1375554049
0.519047619048 0.106995884774 1.13754675455
0.52380952381 0.106995884774 1.13746075548
0.528571428571 0.106995884774 1.13745853312
0.528571428571 0.109053497942 1.13744635101
0.528571428571 0.111111111111 1.13741210858
0.533333333333 0.111111111111 1.13740783884
0.533333333333 0.11316872428 1.13739711055
0.538095238095 0.115226337449 1.13737278856
0.542857142857 0.115226337449 1.13734404896
0.547619047619 0.115226337449 1.13733876998
0.552380952381 0.115226337449 1.13725286934
0.557142857143 0.115226337449 1.13716092866
0.561904761905 0.117283950617 1.13710093251
0.561904761905 0.119341563786 1.13703379431
0.561904761905 0.121399176955 1.13701008057
0.566666666667 0.121399176955 1.13697944574
0.571428571429 0.121399176955 1.13691918877
0.571428571429 0.123456790123 1.13690101217
0.57619047619 0.123456790123 1.13685438188
0.57619047619 0.125514403292 1.13682736863
0.580952380952 0.125514403292 1.13676457324
0.580952380952 0.127572016461 1.13670278484
0.580952380952 0.12962962963 1.1366545127
0.585714285714 0.12962962963 1.13664273303
0.590476190476 0.12962962963 1.13663060815
0.595238095238 0.12962962963 1.13654975456
0.595238095238 0.131687242798 1.13643745579
0.6 0.131687242798 1.13636414136
0.604761904762 0.131687242798 1.1363559591
0.609523809524 0.131687242798 1.13633063784
0.609523809524 0.133744855967 1.13626648146
0.609523809524 0.135802469136 1.13621327178
0.609523809524 0.137860082305 1.13608103588
0.614285714286 0.137860082305 1.13607165405
0.619047619048 0.137860082305 1.13606212028
0.619047619048 0.139917695473 1.13603127676
0.62380952381 0.139917695473 1.13602603138
0.62380952381 0.141975308642 1.13601277743
0.62380952381 0.144032921811 1.13599939387
0.628571428571 0.144032921811 1.13599361957
0.633333333333 0.144032921811 1.13598401757
0.633333333333 0.146090534979 1.13594782135
0.638095238095 0.146090534979 1.13582767985
0.638095238095 0.148148148148 1.13582479159
0.638095238095 0.150205761317 1.13577525163
0.642857142857 0.150205761317 1.1357424004
0.642857142857 0.152263374486 1.13570973879
0.642857142857 0.154320987654 1.13566510404
0.647619047619 0.154320987654 1.13559004842
0.652380952381 0.154320987654 1.13558715452
0.652380952381 0.156378600823 1.13556661554
0.652380952381 0.158436213992 1.13555507249
0.652380952381 0.16049382716 1.13555493216
0.652380952381 0.162551440329 1.13554877486
0.652380952381 0.164609053498 1.13554009796
0.652380952381 0.166666666667 1.1354796329
0.657142857143 0.168724279835 1.13544319163
0.661904761905 0.168724279835 1.1354424495
0.666666666667 0.168724279835 1.1353888721
0.666666666667 0.170781893004 1.13537310782
0.666666666667 0.172839506173 1.13534481994
0.671428571429 0.172839506173 1.13523828641
0.671428571429 0.174897119342 1.13521929948
0.671428571429 0.17695473251 1.13521373733
0.67619047619 0.17695473251 1.13517865917
0.680952380952 0.17695473251 1.13517588483
0.680952380952 0.179012345679 1.13513742225
0.680952380952 0.181069958848 1.13511858931
0.685714285714 0.181069958848 1.13511090752
0.685714285714 0.183127572016 1.13511046885
0.685714285714 0.185185185185 1.13510802447
0.690476190476 0.185185185185 1.13509545917
0.690476190476 0.187242798354 1.13508907529
0.695238095238 0.187242798354 1.13506559639
0.7 0.187242798354 1.13506195693
0.7 0.189300411523 1.13506114195
0.704761904762 0.189300411523 1.13496996144
0.709523809524 0.189300411523 1.13488774326
0.714285714286 0.189300411523 1.13481427445
0.714285714286 0.191358024691 1.13476591282
0.714285714286 0.19341563786 1.13466955134
0.714285714286 0.195473251029 1.13466885328
0.719047619048 0.195473251029 1.13461212813
0.72380952381 0.197530864198 1.13458476447
0.72380952381 0.199588477366 1.13457640014
0.72380952381 0.201646090535 1.13456926218
0.72380952381 0.203703703704 1.13454100994
0.728571428571 0.203703703704 1.13453224766
0.728571428571 0.205761316872 1.13451545216
0.728571428571 0.207818930041 1.13448757906
0.728571428571 0.20987654321 1.13448674667
0.733333333333 0.20987654321 1.13446835412
0.733333333333 0.211934156379 1.13446118881
0.733333333333 0.213991769547 1.13439088468
0.733333333333 0.216049382716 1.1343891129
0.733333333333 0.218106995885 1.1343069325
0.733333333333 0.220164609053 1.13430112946
0.733333333333 0.222222222222 1.13429993389
0.738095238095 0.222222222222 1.13428855029
0.738095238095 0.224279835391 1.13425189937
0.738095238095 0.22633744856 1.13411304828
0.738095238095 0.228395061728 1.13408678641
0.742857142857 0.228395061728 1.13407008069
0.747619047619 0.228395061728 1.13404446359
0.752380952381 0.228395061728 1.13402924098
0.752380952381 0.230452674897 1.13388681607
0.757142857143 0.230452674897 1.13388258287
0.761904761905 0.230452674897 1.13385398701
0.761904761905 0.232510288066 1.13380875789
0.766666666667 0.234567901235 1.13377025272
0.771428571429 0.234567901235 1.13376646577
0.771428571429 0.236625514403 1.13371945809
0.771428571429 0.238683127572 1.13366589138
0.77619047619 0.238683127572 1.13361413872
0.77619047619 0.240740740741 1.13354969925
0.780952380952 0.240740740741 1.13353403626
0.785714285714 0.240740740741 1.1335160095
0.785714285714 0.242798353909 1.13351524736
0.785714285714 0.244855967078 1.13350557207
0.785714285714 0.246913580247 1.13349582682
0.785714285714 0.248971193416 1.13344767474
0.785714285714 0.251028806584 1.13344694981
0.790476190476 0.251028806584 1.13342726223
0.790476190476 0.253086419753 1.13339328581
0.795238095238 0.253086419753 1.13338269624
0.8 0.253086419753 1.13332569608
0.8 0.255144032922 1.13329122461
0.804761904762 0.255144032922 1.13328145572
0.809523809524 0.257201646091 1.13327688991
0.809523809524 0.259259259259 1.13325120802
0.809523809524 0.261316872428 1.13319227312
0.809523809524 0.263374485597 1.13318439089
0.809523809524 0.265432098765 1.13314314488
0.814285714286 0.265432098765 1.13313908175
0.814285714286 0.267489711934 1.13312090909
0.814285714286 0.269547325103 1.13311651695
0.819047619048 0.269547325103 1.13308409485
0.819047619048 0.271604938272 1.13307232376
0.819047619048 0.27366255144 1.13296696232
0.819047619048 0.275720164609 1.13296566718
0.819047619048 0.277777777778 1.13295052306
0.819047619048 0.279835390947 1.13291463837
0.819047619048 0.281893004115 1.13289637672
0.82380952381 0.281893004115 1.13282060956
0.828571428571 0.281893004115 1.13275223446
0.833333333333 0.283950617284 1.13272247971
0.838095238095 0.286008230453 1.13268050135
0.838095238095 0.288065843621 1.13265660612
0.838095238095 0.29012345679 1.13262246213
0.842857142857 0.29012345679 1.1325865899
0.847619047619 0.29012345679 1.13254574824
0.852380952381 0.29012345679 1.13253473343
0.857142857143 0.29012345679 1.13250680231
0.861904761905 0.292181069959 1.13245135809
0.861904761905 0.294238683128 1.13240786312
0.861904761905 0.296296296296 1.13233010395
0.861904761905 0.298353909465 1.13225526442
0.861904761905 0.300411522634 1.13224316001
0.861904761905 0.302469135802 1.13219032915
0.866666666667 0.302469135802 1.13218232279
0.866666666667 0.304526748971 1.13217771077
0.866666666667 0.30658436214 1.132156924
0.866666666667 0.308641975309 1.13213976697
0.871428571429 0.308641975309 1.13209151655
0.87619047619 0.308641975309 1.13206998308
0.87619047619 0.310699588477 1.13202450899
0.87619047619 0.312757201646 1.13200671209
0.87619047619 0.314814814815 1.13197714084
0.87619047619 0.316872427984 1.13197386726
0.87619047619 0.318930041152 1.13193034294
0.87619047619 0.320987654321 1.13187467541
0.880952380952 0.320987654321 1.13183309557
0.885714285714 0.320987654321 1.13183204318
0.885714285714 0.32304526749 1.13178862295
0.885714285714 0.325102880658 1.13178709255
0.885714285714 0.327160493827 1.13176810667
0.885714285714 0.329218106996 1.13163937279
0.885714285714 0.331275720165 1.13160850556
0.885714285714 0.333333333333 1.13157639695
0.885714285714 0.335390946502 1.13156908075
0.890476190476 0.335390946502 1.13151177046
0.895238095238 0.335390946502 1.13147543807
0.895238095238 0.337448559671 1.13141161999
0.9 0.337448559671 1.13134572814
0.9 0.33950617284 1.1313313559
0.9 0.341563786008 1.13131867871
0.9 0.343621399177 1.13131615834
0.9 0.345679012346 1.13125629962
0.904761904762 0.347736625514 1.13125602797
0.904761904762 0.349794238683 1.13121073778
0.904761904762 0.351851851852 1.13113142463
0.904761904762 0.353909465021 1.13110956702
0.909523809524 0.353909465021 1.13110297062
0.909523809524 0.355967078189 1.1310903187
0.909523809524 0.358024691358 1.13108204865
0.909523809524 0.360082304527 1.13106722027
0.914285714286 0.360082304527 1.13106533872
0.914285714286 0.362139917695 1.13105871505
0.914285714286 0.364197530864 1.13096678336
0.914285714286 0.366255144033 1.13096474558
0.914285714286 0.368312757202 1.13094119868
0.919047619048 0.368312757202 1.13082060799
0.919047619048 0.37037037037 1.13081609843
0.919047619048 0.372427983539 1.13080454096
0.919047619048 0.374485596708 1.13079991105
0.919047619048 0.376543209877 1.13076710449
0.92380952381 0.376543209877 1.13071343569
0.928571428571 0.376543209877 1.13069632373
0.928571428571 0.378600823045 1.13060980385
0.928571428571 0.380658436214 1.13058501696
0.933333333333 0.380658436214 1.13053944493
0.933333333333 0.382716049383 1.13046438458
0.933333333333 0.384773662551 1.13039959535
0.933333333333 0.38683127572 1.13039370123
0.933333333333 0.388888888889 1.1303846511
0.933333333333 0.390946502058 1.13030978077
0.933333333333 0.393004115226 1.13029964921
0.933333333333 0.395061728395 1.13017662518
0.933333333333 0.397119341564 1.13002336998
0.933333333333 0.399176954733 1.13000664377
0.933333333333 0.401234567901 1.12996514282
0.933333333333 0.40329218107 1.12991852245
0.933333333333 0.405349794239 1.12991655178
0.938095238095 0.405349794239 1.1298980374
0.938095238095 0.407407407407 1.12977773378
0.938095238095 0.409465020576 1.12977731745
0.938095238095 0.411522633745 1.12965610387
0.938095238095 0.413580246914 1.12965416591
0.938095238095 0.415637860082 1.12964907574
0.938095238095 0.417695473251 1.12960742664
0.938095238095 0.41975308642 1.12952303355
0.938095238095 0.421810699588 1.12946765343
0.938095238095 0.423868312757 1.12938199686
0.938095238095 0.425925925926 1.12935312702
0.942857142857 0.427983539095 1.12930151881
0.942857142857 0.430041152263 1.1292805909
0.942857142857 0.432098765432 1.12927325778
0.942857142857 0.434156378601 1.12926751188
0.942857142857 0.43621399177 1.12926118536
0.942857142857 0.438271604938 1.12922665425
0.942857142857 0.440329218107 1.12920780561
0.947619047619 0.440329218107 1.12918989314
0.947619047619 0.442386831276 1.12918197829
0.947619047619 0.444444444444 1.12916048846
0.947619047619 0.446502057613 1.12913946949
0.947619047619 0.448559670782 1.12911607442
0.947619047619 0.450617283951 1.1290910498
0.947619047619 0.452674897119 1.12895103484
0.947619047619 0.454732510288 1.12893581804
0.952380952381 0.456790123457 1.12889837118
0.952380952381 0.458847736626 1.1288747191
0.957142857143 0.458847736626 1.12886401189
0.957142857143 0.460905349794 1.12885883554
0.957142857143 0.462962962963 1.12885029497
0.957142857143 0.465020576132 1.12884275428
0.957142857143 0.4670781893 1.1288394462
0.957142857143 0.469135802469 1.12879524281
0.957142857143 0.471193415638 1.12877286267
0.957142857143 0.473251028807 1.12876246587
0.957142857143 0.475308641975 1.12876176928
0.957142857143 0.477366255144 1.1286438808
0.957142857143 0.479423868313 1.12862111197
0.957142857143 0.481481481481 1.1285999368
0.957142857143 0.48353909465 1.12859971125
0.957142857143 0.485596707819 1.12854961289
0.957142857143 0.487654320988 1.12852141999
0.957142857143 0.489711934156 1.12839908666
0.957142857143 0.491769547325 1.12836264465
0.957142857143 0.493827160494 1.12834317601
0.957142857143 0.495884773663 1.12834135999
0.957142857143 0.497942386831 1.1283173944
0.957142857143 0.5 1.12821669897
0.957142857143 0.502057613169 1.12819860792
0.957142857143 0.504115226337 1.12818983284
0.957142857143 0.506172839506 1.12812695256
0.957142857143 0.508230452675 1.1281217455
0.957142857143 0.510288065844 1.128101642
0.957142857143 0.512345679012 1.12809904595
0.957142857143 0.514403292181 1.12807451405
0.957142857143 0.51646090535 1.12805895962
0.957142857143 0.518518518519 1.12804241843
0.957142857143 0.520576131687 1.1280350643
0.957142857143 0.522633744856 1.1280317505
0.957142857143 0.524691358025 1.12796387436
0.957142857143 0.526748971193 1.12794554251
0.957142857143 0.528806584362 1.12791044889
0.957142857143 0.530864197531 1.12785978791
0.957142857143 0.5329218107 1.12785762135
0.957142857143 0.534979423868 1.1278445007
0.957142857143 0.537037037037 1.12779393386
0.957142857143 0.539094650206 1.12779199772
0.957142857143 0.541152263374 1.12773514377
0.957142857143 0.543209876543 1.12768711296
0.957142857143 0.545267489712 1.12766356254
0.957142857143 0.547325102881 1.12764524785
0.957142857143 0.549382716049 1.12759629299
0.957142857143 0.551440329218 1.12758540088
0.957142857143 0.553497942387 1.12747241979
0.957142857143 0.555555555556 1.12746744665
0.957142857143 0.557613168724 1.12746401794
0.957142857143 0.559670781893 1.12742518994
0.957142857143 0.561728395062 1.12738530996
0.957142857143 0.56378600823 1.1273765826
0.957142857143 0.565843621399 1.12720589928
0.957142857143 0.567901234568 1.12716425218
0.957142857143 0.569958847737 1.12714108636
0.961904761905 0.569958847737 1.12711635082
0.966666666667 0.569958847737 1.12694090056
0.966666666667 0.572016460905 1.12694010179
0.966666666667 0.574074074074 1.12685279508
0.966666666667 0.576131687243 1.1267779413
0.966666666667 0.578189300412 1.12676555179
0.966666666667 0.58024691358 1.12659672818
0.966666666667 0.582304526749 1.12653867672
0.966666666667 0.584362139918 1.12652910336
0.966666666667 0.586419753086 1.12652642924
0.966666666667 0.588477366255 1.12648107952
0.966666666667 0.590534979424 1.12647802927
0.966666666667 0.592592592593 1.12640975283
0.966666666667 0.594650205761 1.12633737664
0.966666666667 0.59670781893 1.12630640885
0.966666666667 0.598765432099 1.1261792013
0.966666666667 0.600823045267 1.12613787643
0.966666666667 0.602880658436 1.12611636666
0.966666666667 0.604938271605 1.12609607134
0.966666666667 0.606995884774 1.12609245736
0.966666666667 0.609053497942 1.12608454243
0.966666666667 0.611111111111 1.12608156321
0.966666666667 0.61316872428 1.12605291597
0.966666666667 0.615226337449 1.12603037767
0.971428571429 0.615226337449 1.12602518358
0.971428571429 0.617283950617 1.12602196072
0.971428571429 0.619341563786 1.1259249811
0.971428571429 0.621399176955 1.1259122418
0.971428571429 0.623456790123 1.12589501068
0.971428571429 0.625514403292 1.1258722146
0.971428571429 0.627572016461 1.12583855713
0.971428571429 0.62962962963 1.12582525622
0.971428571429 0.631687242798 1.12576951638
0.971428571429 0.633744855967 1.12575389472
0.971428571429 0.635802469136 1.1257194068
0.971428571429 0.637860082305 1.12571234183
0.971428571429 0.639917695473 1.12568503148
0.971428571429 0.641975308642 1.12563679958
0.971428571429 0.644032921811 1.12560777597
0.971428571429 0.646090534979 1.12558608904
0.971428571429 0.648148148148 1.12555679125
0.971428571429 0.650205761317 1.12544746648
0.971428571429 0.652263374486 1.12542186774
0.971428571429 0.654320987654 1.1253677227
0.971428571429 0.656378600823 1.12536675459
0.971428571429 0.658436213992 1.12534871267
0.971428571429 0.66049382716 1.12533204196
0.971428571429 0.662551440329 1.12530749049
0.971428571429 0.664609053498 1.12530223363
0.971428571429 0.666666666667 1.12530176503
0.971428571429 0.668724279835 1.12528153159
0.971428571429 0.670781893004 1.12522160232
0.971428571429 0.672839506173 1.12521201007
0.971428571429 0.674897119342 1.12517869162
0.971428571429 0.67695473251 1.12517604767
0.971428571429 0.679012345679 1.12514185857
0.971428571429 0.681069958848 1.12501297198
0.971428571429 0.683127572016 1.12497641355
0.971428571429 0.685185185185 1.12481691507
0.971428571429 0.687242798354 1.1247971017
0.971428571429 0.689300411523 1.12476028611
0.971428571429 0.691358024691 1.1247585224
0.971428571429 0.69341563786 1.12475442857
0.971428571429 0.695473251029 1.12474979461
0.971428571429 0.697530864198 1.12472107179
0.971428571429 0.699588477366 1.12470020609
0.971428571429 0.701646090535 1.12468095402
0.971428571429 0.703703703704 1.12458775125
0.971428571429 0.705761316872 1.12450451259
0.971428571429 0.707818930041 1.12446354324
0.971428571429 0.70987654321 1.12439277374
0.971428571429 0.711934156379 1.1243815729
0.971428571429 0.713991769547 1.12437810949
0.971428571429 0.716049382716 1.12434299235
0.971428571429 0.718106995885 1.12433600318
0.971428571429 0.720164609053 1.12431198535
0.971428571429 0.722222222222 1.124298736
0.971428571429 0.724279835391 1.12420687366
0.971428571429 0.72633744856 1.12416768006
0.971428571429 0.728395061728 1.12409113578
0.971428571429 0.730452674897 1.1240817999
0.971428571429 0.732510288066 1.12407647813
0.971428571429 0.734567901235 1.12400408036
0.971428571429 0.736625514403 1.12397202671
0.971428571429 0.738683127572 1.12397064273
0.971428571429 0.740740740741 1.12394555266
0.971428571429 0.742798353909 1.12390943161
0.971428571429 0.744855967078 1.12388661582
0.97619047619 0.744855967078 1.12387023277
0.97619047619 0.746913580247 1.12377760671
0.97619047619 0.748971193416 1.12373647196
0.97619047619 0.751028806584 1.12372275438
0.97619047619 0.753086419753 1.1236982574
0.97619047619 0.755144032922 1.12365446988
0.97619047619 0.757201646091 1.12361526266
0.97619047619 0.759259259259 1.12359550392
0.97619047619 0.761316872428 1.12348433153
0.97619047619 0.763374485597 1.12343852925
0.97619047619 0.765432098765 1.12341991424
0.97619047619 0.767489711934 1.12338967754
0.97619047619 0.769547325103 1.1233143064
0.97619047619 0.771604938272 1.12331080618
0.97619047619 0.77366255144 1.12325804545
0.97619047619 0.775720164609 1.12324826769
0.97619047619 0.777777777778 1.12322485144
0.97619047619 0.779835390947 1.12320183565
0.97619047619 0.781893004115 1.12317316129
0.97619047619 0.783950617284 1.12316509938
0.97619047619 0.786008230453 1.12315051179
0.97619047619 0.788065843621 1.12310086838
0.97619047619 0.79012345679 1.12306775109
0.97619047619 0.792181069959 1.12302859875
0.97619047619 0.794238683128 1.12300046878
0.97619047619 0.796296296296 1.12297850306
0.97619047619 0.798353909465 1.12296798057
0.97619047619 0.800411522634 1.12294065007
0.97619047619 0.802469135802 1.1229126225
0.97619047619 0.804526748971 1.12290627301
0.97619047619 0.80658436214 1.12289234432
0.97619047619 0.808641975309 1.12286550434
0.980952380952 0.810699588477 1.12285255856
0.980952380952 0.812757201646 1.12284402742
0.980952380952 0.814814814815 1.1228346069
0.980952380952 0.816872427984 1.12283032263
0.985714285714 0.818930041152 1.12282172786
0.990476190476 0.818930041152 1.1227765832
0.990476190476 0.820987654321 1.12274175091
0.990476190476 0.82304526749 1.12267284935
0.990476190476 0.825102880658 1.12259012852
0.990476190476 0.827160493827 1.12258741504
0.990476190476 0.829218106996 1.12255987912
0.990476190476 0.831275720165 1.12248897087
0.990476190476 0.833333333333 1.12244937866
0.990476190476 0.835390946502 1.12240508524
0.990476190476 0.837448559671 1.12239527485
0.990476190476 0.83950617284 1.12239063293
0.990476190476 0.841563786008 1.1223157131
0.990476190476 0.843621399177 1.1222795936
0.990476190476 0.845679012346 1.12227931173
0.990476190476 0.847736625514 1.12225818577
0.990476190476 0.849794238683 1.12218247921
0.990476190476 0.851851851852 1.12217974416
0.990476190476 0.853909465021 1.12215080456
0.990476190476 0.855967078189 1.12214656046
0.990476190476 0.858024691358 1.12213406885
0.990476190476 0.860082304527 1.12206277866
0.990476190476 0.862139917695 1.12202777982
0.995238095238 0.862139917695 1.1220099905
0.995238095238 0.864197530864 1.1219292446
0.995238095238 0.866255144033 1.1219161514
0.995238095238 0.868312757202 1.12185029037
0.995238095238 0.87037037037 1.12184297047
0.995238095238 0.872427983539 1.12182219032
0.995238095238 0.874485596708 1.12173163581
0.995238095238 0.876543209877 1.12172140472
0.995238095238 0.878600823045 1.12166005981
0.995238095238 0.880658436214 1.12162200337
0.995238095238 0.882716049383 1.12161429665
0.995238095238 0.884773662551 1.12157442757
0.995238095238 0.88683127572 1.12152886207
0.995238095238 0.888888888889 1.12151143406
0.995238095238 0.890946502058 1.12146904206
0.995238095238 0.893004115226 1.12142703184
0.995238095238 0.895061728395 1.12140637724
0.995238095238 0.897119341564 1.1213825504
0.995238095238 0.899176954733 1.1213775524
0.995238095238 0.901234567901 1.12120367417
0.995238095238 0.90329218107 1.12113951207
0.995238095238 0.905349794239 1.12098408836
0.995238095238 0.907407407407 1.12094317489
0.995238095238 0.909465020576 1.1209223379
0.995238095238 0.911522633745 1.12092229314
0.995238095238 0.913580246914 1.12083220333
0.995238095238 0.915637860082 1.12072334993
0.995238095238 0.917695473251 1.12072030939
0.995238095238 0.91975308642 1.12047763179
0.995238095238 0.921810699588 1.12032042585
0.995238095238 0.923868312757 1.12028047338
0.995238095238 0.925925925926 1.12020875994
0.995238095238 0.927983539095 1.12019869274
0.995238095238 0.930041152263 1.12017233454
1.0 0.932098765432 1.12004527481
1.0 0.934156378601 1.11999643017
1.0 0.93621399177 1.11998757613
1.0 0.938271604938 1.1199743374
1.0 0.940329218107 1.11960138441
1.0 0.942386831276 1.11957804683
1.0 0.944444444444 1.11938704626
1.0 0.946502057613 1.11936729199
1.0 0.948559670782 1.11936678861
1.0 0.950617283951 1.11931246719
1.0 0.952674897119 1.11930428687
1.0 0.954732510288 1.1192888441
1.0 0.956790123457 1.11917454749
1.0 0.958847736626 1.11916024434
1.0 0.960905349794 1.11912543471
1.0 0.962962962963 1.11906068705
1.0 0.965020576132 1.11897517589
1.0 0.9670781893 1.11888517648
1.0 0.969135802469 1.11882973755
1.0 0.971193415638 1.11849701754
1.0 0.973251028807 1.11848255748
1.0 0.975308641975 1.11842564293
1.0 0.977366255144 1.11842325573
1.0 0.979423868313 1.11824866566
1.0 0.981481481481 1.11820919377
1.0 0.98353909465 1.11791700586
1.0 0.985596707819 1.11764111157
1.0 0.987654320988 1.11732925303
1.0 0.989711934156 1.11704866876
1.0 0.991769547325 1.11701909907
1.0 0.993827160494 1.11698736813
1.0 0.995884773663 1.11640356596
1.0 0.997942386831 1.11556086888
1.0 1.0 1.11421928463
